============================================================
  CPU SCHEDULING SIMULATION - FIFO (First-In First-Out)
============================================================

Number of processes:                         500
Total elapsed time (CPU burst units):        14734
Throughput (avg burst time per process):     21.1160
CPU utilization (%):                         71.66%
Average waiting time (burst units):          17.88
Average turnaround time (burst units):       39.00
Average response time (burst units):         17.88

------------------------------------------------------------
PID   Arrival   Burst   Start     Finish    Wait      Turnaround   Response  
------------------------------------------------------------
1     10        22      10        32        0         22           0         
2     68        12      68        80        0         12           0         
3     98        34      98        132       0         34           0         
4     148       28      148       176       0         28           0         
5     192       3       192       195       0         3            0         
6     223       8       223       231       0         8            0         
7     266       18      266       284       0         18           0         
8     268       14      284       298       16        30           16        
9     268       30      298       328       30        60           30        
10    296       10      328       338       32        42           32        
11    354       6       354       360       0         6            0         
12    375       2       375       377       0         2            0         
13    377       31      377       408       0         31           0         
14    406       10      408       418       2         12           2         
15    457       21      457       478       0         21           0         
16    469       1       478       479       9         10           9         
17    529       9       529       538       0         9            0         
18    559       12      559       571       0         12           0         
19    581       39      581       620       0         39           0         
20    630       17      630       647       0         17           0         
21    685       38      685       723       0         38           0         
22    696       30      723       753       27        57           27        
23    744       21      753       774       9         30           9         
24    745       34      774       808       29        63           29        
25    782       29      808       837       26        55           26        
26    804       4       837       841       33        37           33        
27    817       15      841       856       24        39           24        
28    864       24      864       888       0         24           0         
29    912       27      912       939       0         27           0         
30    953       21      953       974       0         21           0         
31    993       24      993       1017      0         24           0         
32    1038      25      1038      1063      0         25           0         
33    1086      17      1086      1103      0         17           0         
34    1107      20      1107      1127      0         20           0         
35    1122      7       1127      1134      5         12           5         
36    1150      17      1150      1167      0         17           0         
37    1160      20      1167      1187      7         27           7         
38    1211      2       1211      1213      0         2            0         
39    1269      23      1269      1292      0         23           0         
40    1272      39      1292      1331      20        59           20        
41    1315      28      1331      1359      16        44           16        
42    1331      1       1359      1360      28        29           28        
43    1337      29      1360      1389      23        52           23        
44    1342      1       1389      1390      47        48           47        
45    1365      22      1390      1412      25        47           25        
46    1401      30      1412      1442      11        41           11        
47    1413      5       1442      1447      29        34           29        
48    1431      10      1447      1457      16        26           16        
49    1440      37      1457      1494      17        54           17        
50    1488      2       1494      1496      6         8            6         
51    1523      20      1523      1543      0         20           0         
52    1556      3       1556      1559      0         3            0         
53    1576      12      1576      1588      0         12           0         
54    1587      13      1588      1601      1         14           1         
55    1596      5       1601      1606      5         10           5         
56    1638      24      1638      1662      0         24           0         
57    1689      13      1689      1702      0         13           0         
58    1737      28      1737      1765      0         28           0         
59    1761      32      1765      1797      4         36           4         
60    1818      8       1818      1826      0         8            0         
61    1827      25      1827      1852      0         25           0         
62    1882      2       1882      1884      0         2            0         
63    1899      29      1899      1928      0         29           0         
64    1939      13      1939      1952      0         13           0         
65    1940      18      1952      1970      12        30           12        
66    1973      7       1973      1980      0         7            0         
67    2022      36      2022      2058      0         36           0         
68    2076      1       2076      2077      0         1            0         
69    2093      33      2093      2126      0         33           0         
70    2104      34      2126      2160      22        56           22        
71    2147      20      2160      2180      13        33           13        
72    2189      29      2189      2218      0         29           0         
73    2248      26      2248      2274      0         26           0         
74    2265      8       2274      2282      9         17           9         
75    2300      36      2300      2336      0         36           0         
76    2306      40      2336      2376      30        70           30        
77    2357      18      2376      2394      19        37           19        
78    2374      21      2394      2415      20        41           20        
79    2433      30      2433      2463      0         30           0         
80    2492      32      2492      2524      0         32           0         
81    2502      4       2524      2528      22        26           22        
82    2524      12      2528      2540      4         16           4         
83    2561      11      2561      2572      0         11           0         
84    2574      24      2574      2598      0         24           0         
85    2605      32      2605      2637      0         32           0         
86    2607      23      2637      2660      30        53           30        
87    2658      32      2660      2692      2         34           2         
88    2712      37      2712      2749      0         37           0         
89    2745      38      2749      2787      4         42           4         
90    2786      33      2787      2820      1         34           1         
91    2826      1       2826      2827      0         1            0         
92    2832      29      2832      2861      0         29           0         
93    2854      39      2861      2900      7         46           7         
94    2882      27      2900      2927      18        45           18        
95    2899      25      2927      2952      28        53           28        
96    2944      12      2952      2964      8         20           8         
97    2976      33      2976      3009      0         33           0         
98    2980      4       3009      3013      29        33           29        
99    3007      23      3013      3036      6         29           6         
100   3022      30      3036      3066      14        44           14        
101   3060      34      3066      3100      6         40           6         
102   3095      38      3100      3138      5         43           5         
103   3103      40      3138      3178      35        75           35        
104   3106      10      3178      3188      72        82           72        
105   3164      35      3188      3223      24        59           24        
106   3172      21      3223      3244      51        72           51        
107   3185      31      3244      3275      59        90           59        
108   3198      39      3275      3314      77        116          77        
109   3255      21      3314      3335      59        80           59        
110   3265      17      3335      3352      70        87           70        
111   3312      18      3352      3370      40        58           40        
112   3328      16      3370      3386      42        58           42        
113   3360      33      3386      3419      26        59           26        
114   3367      13      3419      3432      52        65           52        
115   3395      38      3432      3470      37        75           37        
116   3443      4       3470      3474      27        31           27        
117   3467      3       3474      3477      7         10           7         
118   3513      40      3513      3553      0         40           0         
119   3565      10      3565      3575      0         10           0         
120   3580      8       3580      3588      0         8            0         
121   3629      15      3629      3644      0         15           0         
122   3646      19      3646      3665      0         19           0         
123   3702      37      3702      3739      0         37           0         
124   3722      4       3739      3743      17        21           17        
125   3766      27      3766      3793      0         27           0         
126   3816      17      3816      3833      0         17           0         
127   3858      8       3858      3866      0         8            0         
128   3861      30      3866      3896      5         35           5         
129   3893      32      3896      3928      3         35           3         
130   3901      33      3928      3961      27        60           27        
131   3924      39      3961      4000      37        76           37        
132   3933      9       4000      4009      67        76           67        
133   3950      29      4009      4038      59        88           59        
134   3983      20      4038      4058      55        75           55        
135   4034      19      4058      4077      24        43           24        
136   4065      40      4077      4117      12        52           12        
137   4081      26      4117      4143      36        62           36        
138   4103      11      4143      4154      40        51           40        
139   4133      21      4154      4175      21        42           21        
140   4143      17      4175      4192      32        49           32        
141   4200      24      4200      4224      0         24           0         
142   4222      21      4224      4245      2         23           2         
143   4233      31      4245      4276      12        43           12        
144   4293      19      4293      4312      0         19           0         
145   4321      33      4321      4354      0         33           0         
146   4375      39      4375      4414      0         39           0         
147   4412      7       4414      4421      2         9            2         
148   4429      11      4429      4440      0         11           0         
149   4482      14      4482      4496      0         14           0         
150   4522      20      4522      4542      0         20           0         
151   4575      32      4575      4607      0         32           0         
152   4605      31      4607      4638      2         33           2         
153   4623      30      4638      4668      15        45           15        
154   4676      11      4676      4687      0         11           0         
155   4719      38      4719      4757      0         38           0         
156   4723      31      4757      4788      34        65           34        
157   4761      25      4788      4813      27        52           27        
158   4763      18      4813      4831      50        68           50        
159   4821      34      4831      4865      10        44           10        
160   4838      12      4865      4877      27        39           27        
161   4888      3       4888      4891      0         3            0         
162   4905      38      4905      4943      0         38           0         
163   4939      38      4943      4981      4         42           4         
164   4999      32      4999      5031      0         32           0         
165   5041      28      5041      5069      0         28           0         
166   5075      1       5075      5076      0         1            0         
167   5135      40      5135      5175      0         40           0         
168   5164      19      5175      5194      11        30           11        
169   5190      35      5194      5229      4         39           4         
170   5214      6       5229      5235      15        21           15        
171   5219      27      5235      5262      16        43           16        
172   5264      21      5264      5285      0         21           0         
173   5274      35      5285      5320      11        46           11        
174   5295      1       5320      5321      25        26           25        
175   5329      30      5329      5359      0         30           0         
176   5378      18      5378      5396      0         18           0         
177   5412      9       5412      5421      0         9            0         
178   5460      12      5460      5472      0         12           0         
179   5473      4       5473      5477      0         4            0         
180   5528      8       5528      5536      0         8            0         
181   5582      14      5582      5596      0         14           0         
182   5594      7       5596      5603      2         9            2         
183   5652      15      5652      5667      0         15           0         
184   5685      38      5685      5723      0         38           0         
185   5685      23      5723      5746      38        61           38        
186   5715      12      5746      5758      31        43           31        
187   5760      7       5760      5767      0         7            0         
188   5774      29      5774      5803      0         29           0         
189   5813      38      5813      5851      0         38           0         
190   5858      6       5858      5864      0         6            0         
191   5917      38      5917      5955      0         38           0         
192   5948      29      5955      5984      7         36           7         
193   5970      3       5984      5987      14        17           14        
194   5989      1       5989      5990      0         1            0         
195   6024      22      6024      6046      0         22           0         
196   6080      18      6080      6098      0         18           0         
197   6098      22      6098      6120      0         22           0         
198   6143      3       6143      6146      0         3            0         
199   6195      23      6195      6218      0         23           0         
200   6203      34      6218      6252      15        49           15        
201   6203      22      6252      6274      49        71           49        
202   6220      31      6274      6305      54        85           54        
203   6246      33      6305      6338      59        92           59        
204   6267      5       6338      6343      71        76           71        
205   6283      15      6343      6358      60        75           60        
206   6305      32      6358      6390      53        85           53        
207   6311      31      6390      6421      79        110          79        
208   6368      16      6421      6437      53        69           53        
209   6369      23      6437      6460      68        91           68        
210   6400      1       6460      6461      60        61           60        
211   6446      40      6461      6501      15        55           15        
212   6485      38      6501      6539      16        54           16        
213   6508      31      6539      6570      31        62           31        
214   6515      39      6570      6609      55        94           55        
215   6533      35      6609      6644      76        111          76        
216   6534      20      6644      6664      110       130          110       
217   6551      30      6664      6694      113       143          113       
218   6554      15      6694      6709      140       155          140       
219   6570      10      6709      6719      139       149          139       
220   6586      11      6719      6730      133       144          133       
221   6627      23      6730      6753      103       126          103       
222   6660      4       6753      6757      93        97           93        
223   6699      7       6757      6764      58        65           58        
224   6735      6       6764      6770      29        35           29        
225   6792      31      6792      6823      0         31           0         
226   6831      9       6831      6840      0         9            0         
227   6852      29      6852      6881      0         29           0         
228   6881      28      6881      6909      0         28           0         
229   6934      39      6934      6973      0         39           0         
230   6959      18      6973      6991      14        32           14        
231   6981      25      6991      7016      10        35           10        
232   7006      11      7016      7027      10        21           10        
233   7024      28      7027      7055      3         31           3         
234   7027      24      7055      7079      28        52           28        
235   7072      35      7079      7114      7         42           7         
236   7083      3       7114      7117      31        34           31        
237   7100      2       7117      7119      17        19           17        
238   7137      2       7137      7139      0         2            0         
239   7158      26      7158      7184      0         26           0         
240   7217      9       7217      7226      0         9            0         
241   7224      2       7226      7228      2         4            2         
242   7253      1       7253      7254      0         1            0         
243   7286      25      7286      7311      0         25           0         
244   7313      31      7313      7344      0         31           0         
245   7364      14      7364      7378      0         14           0         
246   7412      9       7412      7421      0         9            0         
247   7433      8       7433      7441      0         8            0         
248   7446      7       7446      7453      0         7            0         
249   7446      16      7453      7469      7         23           7         
250   7505      18      7505      7523      0         18           0         
251   7507      18      7523      7541      16        34           16        
252   7513      29      7541      7570      28        57           28        
253   7573      14      7573      7587      0         14           0         
254   7616      4       7616      7620      0         4            0         
255   7665      31      7665      7696      0         31           0         
256   7710      17      7710      7727      0         17           0         
257   7712      25      7727      7752      15        40           15        
258   7770      23      7770      7793      0         23           0         
259   7777      24      7793      7817      16        40           16        
260   7834      24      7834      7858      0         24           0         
261   7837      11      7858      7869      21        32           21        
262   7844      37      7869      7906      25        62           25        
263   7874      23      7906      7929      32        55           32        
264   7887      14      7929      7943      42        56           42        
265   7893      5       7943      7948      50        55           50        
266   7913      30      7948      7978      35        65           35        
267   7946      35      7978      8013      32        67           32        
268   7948      15      8013      8028      65        80           65        
269   7953      19      8028      8047      75        94           75        
270   7998      7       8047      8054      49        56           49        
271   8056      9       8056      8065      0         9            0         
272   8087      15      8087      8102      0         15           0         
273   8094      27      8102      8129      8         35           8         
274   8096      29      8129      8158      33        62           33        
275   8124      31      8158      8189      34        65           34        
276   8178      36      8189      8225      11        47           11        
277   8217      21      8225      8246      8         29           8         
278   8262      32      8262      8294      0         32           0         
279   8274      39      8294      8333      20        59           20        
280   8276      8       8333      8341      57        65           57        
281   8276      23      8341      8364      65        88           65        
282   8303      13      8364      8377      61        74           61        
283   8361      21      8377      8398      16        37           16        
284   8406      39      8406      8445      0         39           0         
285   8423      20      8445      8465      22        42           22        
286   8455      38      8465      8503      10        48           10        
287   8492      6       8503      8509      11        17           11        
288   8511      12      8511      8523      0         12           0         
289   8533      20      8533      8553      0         20           0         
290   8562      12      8562      8574      0         12           0         
291   8562      32      8574      8606      12        44           12        
292   8600      22      8606      8628      6         28           6         
293   8650      10      8650      8660      0         10           0         
294   8665      34      8665      8699      0         34           0         
295   8708      33      8708      8741      0         33           0         
296   8766      19      8766      8785      0         19           0         
297   8797      7       8797      8804      0         7            0         
298   8835      39      8835      8874      0         39           0         
299   8866      29      8874      8903      8         37           8         
300   8875      36      8903      8939      28        64           28        
301   8934      14      8939      8953      5         19           5         
302   8987      37      8987      9024      0         37           0         
303   8988      13      9024      9037      36        49           36        
304   9022      3       9037      9040      15        18           15        
305   9036      28      9040      9068      4         32           4         
306   9070      21      9070      9091      0         21           0         
307   9120      4       9120      9124      0         4            0         
308   9137      39      9137      9176      0         39           0         
309   9178      12      9178      9190      0         12           0         
310   9208      15      9208      9223      0         15           0         
311   9268      11      9268      9279      0         11           0         
312   9280      10      9280      9290      0         10           0         
313   9288      23      9290      9313      2         25           2         
314   9307      19      9313      9332      6         25           6         
315   9309      28      9332      9360      23        51           23        
316   9330      3       9360      9363      30        33           30        
317   9388      36      9388      9424      0         36           0         
318   9420      3       9424      9427      4         7            4         
319   9444      1       9444      9445      0         1            0         
320   9477      39      9477      9516      0         39           0         
321   9496      4       9516      9520      20        24           20        
322   9546      3       9546      9549      0         3            0         
323   9591      10      9591      9601      0         10           0         
324   9620      32      9620      9652      0         32           0         
325   9679      23      9679      9702      0         23           0         
326   9724      28      9724      9752      0         28           0         
327   9748      24      9752      9776      4         28           4         
328   9772      18      9776      9794      4         22           4         
329   9792      38      9794      9832      2         40           2         
330   9834      1       9834      9835      0         1            0         
331   9882      24      9882      9906      0         24           0         
332   9897      8       9906      9914      9         17           9         
333   9925      19      9925      9944      0         19           0         
334   9954      19      9954      9973      0         19           0         
335   9960      40      9973      10013     13        53           13        
336   9994      29      10013     10042     19        48           19        
337   10007     7       10042     10049     35        42           35        
338   10049     33      10049     10082     0         33           0         
339   10089     10      10089     10099     0         10           0         
340   10098     29      10099     10128     1         30           1         
341   10104     10      10128     10138     24        34           24        
342   10120     10      10138     10148     18        28           18        
343   10126     13      10148     10161     22        35           22        
344   10184     9       10184     10193     0         9            0         
345   10226     29      10226     10255     0         29           0         
346   10257     23      10257     10280     0         23           0         
347   10294     29      10294     10323     0         29           0         
348   10298     26      10323     10349     25        51           25        
349   10318     23      10349     10372     31        54           31        
350   10348     40      10372     10412     24        64           24        
351   10391     23      10412     10435     21        44           21        
352   10413     38      10435     10473     22        60           22        
353   10446     13      10473     10486     27        40           27        
354   10461     34      10486     10520     25        59           25        
355   10516     13      10520     10533     4         17           4         
356   10562     19      10562     10581     0         19           0         
357   10579     20      10581     10601     2         22           2         
358   10595     1       10601     10602     6         7            6         
359   10599     25      10602     10627     3         28           3         
360   10599     40      10627     10667     28        68           28        
361   10638     5       10667     10672     29        34           29        
362   10672     4       10672     10676     0         4            0         
363   10701     30      10701     10731     0         30           0         
364   10744     8       10744     10752     0         8            0         
365   10744     17      10752     10769     8         25           8         
366   10770     30      10770     10800     0         30           0         
367   10810     14      10810     10824     0         14           0         
368   10819     12      10824     10836     5         17           5         
369   10823     24      10836     10860     13        37           13        
370   10842     7       10860     10867     18        25           18        
371   10855     15      10867     10882     12        27           12        
372   10906     15      10906     10921     0         15           0         
373   10956     7       10956     10963     0         7            0         
374   11016     28      11016     11044     0         28           0         
375   11022     20      11044     11064     22        42           22        
376   11070     3       11070     11073     0         3            0         
377   11121     15      11121     11136     0         15           0         
378   11178     16      11178     11194     0         16           0         
379   11220     30      11220     11250     0         30           0         
380   11248     16      11250     11266     2         18           2         
381   11303     13      11303     11316     0         13           0         
382   11304     39      11316     11355     12        51           12        
383   11329     37      11355     11392     26        63           26        
384   11358     16      11392     11408     34        50           34        
385   11370     11      11408     11419     38        49           38        
386   11412     17      11419     11436     7         24           7         
387   11431     1       11436     11437     5         6            5         
388   11452     36      11452     11488     0         36           0         
389   11456     22      11488     11510     32        54           32        
390   11462     17      11510     11527     48        65           48        
391   11465     32      11527     11559     62        94           62        
392   11484     36      11559     11595     75        111          75        
393   11488     29      11595     11624     107       136          107       
394   11529     34      11624     11658     95        129          95        
395   11585     39      11658     11697     73        112          73        
396   11612     16      11697     11713     85        101          85        
397   11654     13      11713     11726     59        72           59        
398   11666     5       11726     11731     60        65           60        
399   11696     34      11731     11765     35        69           35        
400   11742     13      11765     11778     23        36           23        
401   11742     37      11778     11815     36        73           36        
402   11784     9       11815     11824     31        40           31        
403   11834     22      11834     11856     0         22           0         
404   11838     39      11856     11895     18        57           18        
405   11887     25      11895     11920     8         33           8         
406   11891     2       11920     11922     29        31           29        
407   11915     23      11922     11945     7         30           7         
408   11915     24      11945     11969     30        54           30        
409   11949     36      11969     12005     20        56           20        
410   11995     30      12005     12035     10        40           10        
411   12015     31      12035     12066     20        51           20        
412   12028     36      12066     12102     38        74           38        
413   12071     28      12102     12130     31        59           31        
414   12072     39      12130     12169     58        97           58        
415   12098     10      12169     12179     71        81           71        
416   12142     20      12179     12199     37        57           37        
417   12157     21      12199     12220     42        63           42        
418   12162     23      12220     12243     58        81           58        
419   12213     33      12243     12276     30        63           30        
420   12261     31      12276     12307     15        46           15        
421   12265     34      12307     12341     42        76           42        
422   12294     37      12341     12378     47        84           47        
423   12352     18      12378     12396     26        44           26        
424   12395     15      12396     12411     1         16           1         
425   12451     29      12451     12480     0         29           0         
426   12498     38      12498     12536     0         38           0         
427   12507     26      12536     12562     29        55           29        
428   12553     24      12562     12586     9         33           9         
429   12590     14      12590     12604     0         14           0         
430   12609     19      12609     12628     0         19           0         
431   12665     22      12665     12687     0         22           0         
432   12707     35      12707     12742     0         35           0         
433   12730     35      12742     12777     12        47           12        
434   12774     31      12777     12808     3         34           3         
435   12806     11      12808     12819     2         13           2         
436   12847     34      12847     12881     0         34           0         
437   12885     2       12885     12887     0         2            0         
438   12933     23      12933     12956     0         23           0         
439   12992     19      12992     13011     0         19           0         
440   13033     34      13033     13067     0         34           0         
441   13047     23      13067     13090     20        43           20        
442   13071     27      13090     13117     19        46           19        
443   13130     3       13130     13133     0         3            0         
444   13174     30      13174     13204     0         30           0         
445   13187     35      13204     13239     17        52           17        
446   13194     15      13239     13254     45        60           45        
447   13197     32      13254     13286     57        89           57        
448   13216     38      13286     13324     70        108          70        
449   13233     30      13324     13354     91        121          91        
450   13260     9       13354     13363     94        103          94        
451   13265     28      13363     13391     98        126          98        
452   13291     7       13391     13398     100       107          100       
453   13346     39      13398     13437     52        91           52        
454   13363     24      13437     13461     74        98           74        
455   13385     15      13461     13476     76        91           76        
456   13392     37      13476     13513     84        121          84        
457   13447     12      13513     13525     66        78           66        
458   13458     34      13525     13559     67        101          67        
459   13500     35      13559     13594     59        94           59        
460   13527     17      13594     13611     67        84           67        
461   13571     9       13611     13620     40        49           40        
462   13601     4       13620     13624     19        23           19        
463   13637     20      13637     13657     0         20           0         
464   13691     14      13691     13705     0         14           0         
465   13719     7       13719     13726     0         7            0         
466   13777     23      13777     13800     0         23           0         
467   13836     5       13836     13841     0         5            0         
468   13890     24      13890     13914     0         24           0         
469   13939     18      13939     13957     0         18           0         
470   13952     20      13957     13977     5         25           5         
471   13964     4       13977     13981     13        17           13        
472   14023     35      14023     14058     0         35           0         
473   14057     28      14058     14086     1         29           1         
474   14068     32      14086     14118     18        50           18        
475   14110     17      14118     14135     8         25           8         
476   14110     36      14135     14171     25        61           25        
477   14138     39      14171     14210     33        72           33        
478   14150     5       14210     14215     60        65           60        
479   14155     12      14215     14227     60        72           60        
480   14214     22      14227     14249     13        35           13        
481   14240     34      14249     14283     9         43           9         
482   14251     22      14283     14305     32        54           32        
483   14282     6       14305     14311     23        29           23        
484   14332     11      14332     14343     0         11           0         
485   14333     5       14343     14348     10        15           10        
486   14337     24      14348     14372     11        35           11        
487   14385     17      14385     14402     0         17           0         
488   14406     1       14406     14407     0         1            0         
489   14410     34      14410     14444     0         34           0         
490   14456     17      14456     14473     0         17           0         
491   14457     32      14473     14505     16        48           16        
492   14493     39      14505     14544     12        51           12        
493   14549     14      14549     14563     0         14           0         
494   14559     22      14563     14585     4         26           4         
495   14572     24      14585     14609     13        37           13        
496   14619     27      14619     14646     0         27           0         
497   14630     30      14646     14676     16        46           16        
498   14689     33      14689     14722     0         33           0         
499   14690     13      14722     14735     32        45           32        
500   14731     9       14735     14744     4         13           4         
============================================================
